projection.name=utm
projection.origin_longitude=-117.000000
spheroid.name=clarke-1866
top_left.latitude=33.9023526904
top_left.longitude=-117.6411686208
top_right.latitude=33.9024195619
top_right.longitude=-117.6281901895
bottom_left.latitude=33.8915301686
bottom_left.longitude=-117.6410876300
bottom_right.latitude=33.8915970130
bottom_right.longitude=-117.6281108378
centre.latitude=33.8969750318
centre.longitude=-117.6346393195
