IMAGE_FILE_FORMAT = MFF
FILE_TYPE = IMAGE
IMAGE_LINES = 20
LINE_SAMPLES = 20
BYTE_ORDER = LSB
TOP_LEFT_CORNER_LATITUDE = 33.9020838161
TOP_LEFT_CORNER_LONGITUDE = -117.6408421363
TOP_RIGHT_CORNER_LATITUDE = 33.9021473433
TOP_RIGHT_CORNER_LONGITUDE = -117.6285126655
BOTTOM_LEFT_CORNER_LATITUDE = 33.8918024197
BOTTOM_LEFT_CORNER_LONGITUDE = -117.6407652339
BOTTOM_RIGHT_CORNER_LATITUDE = 33.8918659225
BOTTOM_RIGHT_CORNER_LONGITUDE = -117.6284372425
CENTRE_LATITUDE = 33.8969750318
CENTRE_LONGITUDE = -117.6346393195
PROJECTION_NAME = UTM
PROJECTION_ORIGIN_LONGITUDE = -117.000000
SPHEROID_NAME = CLARKE_1866
END
