AuxilaryTarget: small16.raw
RawDefinition: 31 35 2
ChanDefinition-1: 16U 0 2 62 Swapped
ChanDefinition-2: 16U 2170 2 62 Swapped
UpLeftX: 440720.000
UpLeftY: 3751320.000
LoRightX: 442580.000
LoRightY: 3749220.000
MapUnits: LCC         D-01 METRE
ProjParams: 0.0 0.0 -117.474542888889 33.7644620277778 33.9036340277778 33.6252900277778 0.0 0.0 0.0 0.0 0.0 0.0 0.0 0.0 0.0 0.0 0.0
